33255
33560
33297
33728
33451
665069
33294
33601
33291
33829
33471
782264
33265
33489
33293
33807
33360
907083
33267
33541
33356
33790
33452
1025239
33284
33566
33384
33774
33438
1115241
33276
33499
33253
33736
33378
1119424
33268
33515
33327
33836
33411
1123656
33266
33553
33297
33803
33370
1127890
33290
33553
33260
33790
33411
1132122
33282
33485
33355
33745
33398
1136360
33265
33507
33236
33897
33355
1140587
33265
33498
33404
33796
33412
1146287
33280
33507
33350
33784
33444
1150537
33275
33544
33326
33788
33379
1154767
33271
33521
33357
33810
33447
1159007
33272
33495
33213
33874
33404
1163247
33270
33574
33389
33790
33442
1167485
33244
33531
33421
33802
33413
1171719
33269
33539
33253
33846
33433
1175960
33265
33515
33332
33756
33420
1180200
33269
33522
33422
33787
33387
1184442
33283
33499
33320
33814
33411
1188680
33281
33504
33306
33802
33357
1192920
33265
33481
33375
33823
33425
1198617
33266
33576
33343
33809
33382
1202865
33291
33539
33321
33788
33433
1207106
33289
33497
33403
33794
33409
1211346
33289
33535
33420
33828
33411
1215592
33249
33604
33389
33815
33432
1219842
33263
33505
33337
33819
33458
1224091
33288
33606
33373
33796
33419
1228330
33294
33509
33363
33772
33367
1232572
33265
33533
33402
33771
33418
1236817
33265
33539
33290
33815
33434
1241055
33295
33519
33365
33757
33428
1245296
33271
33526
33212
33816
33390
1251021
33274
33523
33384
33832
33424
1255274
33272
33602
33328
33797
33413
1259519
33242
33534
33262
33821
33416
1263760
33287
33551
33359
33791
33415
1268012
33277
33536
33443
33798
33411
1272263
33277
33512
33307
33814
33373
1276511
33260
33495
33322
33786
33418
1280759
33293
33493
33310
33812
33412
1285008
33291
33522
33244
33788
33336
1289253
33278
33555
33237
33874
33382
1293506
33266
33565
33295
33829
33434
1299227
33282
33584
33291
33869
33465
1303486
33269
33519
33297
33847
33474
1307740
33289
33586
33414
33833
33395
1311987
33283
33536
33278
33798
33453
1316245
33265
33566
33288
33826
33471
1320499
33291
33567
33236
33824
33395
1324753
33302
33594
33303
33779
33455
1329009
33286
33495
33256
33752
33400
1333267
33271
33555
33316
33795
33433
1337523
33276
33534
33436
33794
33428
1341773
33301
33509
33389
33750
33469
1346034
33306
33571
33302
33766
33406
1351756
33283
33510
33266
33799
33423
1356027
33276
33543
33284
33739
33416
1360291
33265
33561
33277
33791
33428
1364551
33279
33528
33376
33735
33424
1368808
33297
33524
33377
33773
33446
1382555
33299
33581
33299
33828
33397
1395603
33287
33450
33306
33749
33384
1399870
33263
33543
33373
33775
33428
1404129
33285
33544
33267
33829
33439
1408385
33290
33519
33232
33790
33435
1412639
33279
33539
33278
33750
33441
1416896
33276
33551
33381
33744
33433
1422637
33266
33548
33312
33843
33465
1426900
33297
33552
33388
33749
33420
1431158
33288
33504
33351
33745
33436
1435409
33284
33549
33333
33834
33455
1439666
33268
33575
33284
33824
33388
1443926
33281
33506
33366
33770
33441
1448189
33284
33493
33311
33758
33445
1452446
33264
33510
33304
33759
33398
1456709
33271
33549
33299
33763
33421
1460968
33288
33565
33187
33791
33425
1465231
33289
33499
33409
33723
33393
1470969
33279
33556
33269
33807
33448
1475253
33301
33611
33364
33859
33477
1479522
33285
33627
33266
33833
33441
1483784
33265
33471
33341
33772
33427
1488048
33289
33548
33282
33799
33398
1492306
33292
33587
33249
33789
33447
1496576
33288
33577
33219
33806
33373
1500835
33288
33530
33372
33780
33419
1505102
33266
33568
33346
33792
33414
1509365
33291
33559
33375
33819
33395
1513632
33282
33562
33270
33803
33374
1517893
33289
33517
33399
33762
33427
1523640
33279
33537
33307
33818
33430
1527919
33270
33547
33332
33782
33379
1532190
33306
33589
33403
33789
33379
1536457
33268
33543
33274
33856
33410
1540719
33293
33541
33260
33814
33394
1544990
33269
33558
33209
33789
33451
1549259
33285
33542
33342
33833
33441
1553529
33274
33576
33299
33856
33456
1557795
33299
33504
33386
33778
33431
1562066
33286
33571
33349
33784
33365
1566335
33271
33547
33247
33760
33394
1570594
33263
33512
33378
33767
33460
1576353
33284
33594
33202
33857
33424
1580626
33289
33594
33309
33800
33392
1584903
33287
33608
33329
33751
33413
1589171
33269
33581
33322
33802
33378
1593449
33287
33530
33268
33848
33447
1597715
33287
33643
33279
33806
33407
1601995
33280
33544
33224
33773
33331
1606272
33269
33583
33353
33812
33417
1610547
33269
33601
33193
33824
33403
1614826
33290
33570
33205
33781
33363
1619103
33273
33549
33376
33773
33430
1624860
33287
33555
33298
33799
33452
1629147
33260
33518
33343
33812
33396
1633421
33251
33524
33364
33903
33455
1637697
33269
33544
33395
33777
33373
1641974
33282
33558
33290
33767
33424
1646251
33290
33467
33403
33807
33453
1650534
33277
33596
33302
33831
33422
1654811
33283
33593
33283
33774
33404
1667657
33288
33571
33397
33749
33399
1681029
33290
33550
33396
33768
33391
1685320
33269
33605
33321
33803
33397
1689542
33271
33595
33202
33840
33427
1695319
33271
33541
33375
33802
33449
1699610
33270
33574
33273
33800
33380
1703901
33269
33535
33322
33790
33421
1708186
33290
33528
33265
33800
33420
1712476
33281
33573
33350
33781
33409
1716760
33274
33577
33314
33793
33453
1721048
33291
33575
33216
33801
33432
1725337
33292
33537
33351
33832
33422
1729623
33289
33607
33262
33850
33393
1733913
33267
33508
33307
33789
33437
1738197
33287
33618
33298
33833
33439
1743978
33294
33608
33350
33787
33413
1748277
33280
33582
33326
33789
33439
1752569
33284
33531
33276
33762
33440
1756859
33287
33531
33278
33781
33438
1761157
33264
33585
33264
33853
33479
1765455
33247
33615
33343
33781
33414
1769750
33272
33540
33340
33765
33393
1774045
33273
33596
33253
33829
33399
1778331
33272
33555
33346
33845
33415
1782616
33274
33553
33272
33807
33406
1786908
33281
33548
33429
33771
33450
1791209
33260
33539
33392
33794
33424
1796991
33263
33564
33309
33759
33417
1801298
33289
33530
33203
33852
33334
1805593
33264
33542
33322
33800
33433
1809893
33265
33571
33331
33799
33446
1814189
33263
33604
33341
33826
33393
1818489
33263
33562
33373
33805
33410
1822781
33292
33621
33319
33778
33359
1827080
33287
33601
33278
33772
33416
1831375
33272
33569
33369
33743
33403
1835676
33266
33519
33362
33821
33439
1839973
33271
33562
33326
33769
33423
1844272
33277
33501
33350
33777
33452
1850086
33287
33618
33295
33857
33407
1854405
33284
33542
33361
33742
33386
1858712
33274
33485
33320
33730
33407
1863015
33281
33556
33342
33770
33429
1867321
33291
33573
33370
33791
33422
1871619
33272
33565
33312
33821
33397
1875927
33282
33575
33209
33804
33395
1880227
33292
33620
33357
33781
33449
1884537
33264
33601
33279
33810
33387
1888835
33276
33562
33389
33785
33436
1893139
33268
33529
33350
33733
33464
1898940
33274
33578
33222
33765
33315
1903266
33284
33644
33205
33812
33456
1907572
33285
33607
33331
33751
33416
1911884
33291
33600
33284
33775
33454
1916199
33274
33585
33427
33735
33443
1920512
33255
33533
33386
33740
33406
1924820
33270
33571
33331
33785
33348
1929126
33283
33589
33227
33794
33427
1933432
33291
33550
33375
33801
33423
1937744
33258
33626
33253
33770
33389
1942048
33267
33634
33444
33723
33377
1954952
33266
33597
33279
33844
33378
1970181
33286
33584
33326
33733
33386
1974393
33287
33530
33294
33794
33423
1978706
33287
33574
33309
33788
33405
1983028
33278
33598
33278
33803
33410
1987337
33290
33500
33415
33722
33472
1991656
33288
33577
33341
33757
33388
1995969
33289
33547
33347
33715
33415
2000283
33288
33479
33365
33765
33468
2004604
33252
33521
33278
33756
33389
2008922
33269
33524
33328
33838
33414
2013236
33286
33585
33349
33795
33418
2017555
33273
33557
33386
33763
33411
2023392
33291
33547
33256
33819
33392
2027710
33272
33531
33316
33750
33401
2032027
33294
33526
33282
33769
33397
2036348
33265
33657
33254
33773
33398
2040669
33278
33598
33356
33749
33438
2044992
33268
33570
33330
33730
33445
2049308
33268
33547
33339
33761
33404
2053624
33280
33539
33291
33791
33408
2057949
33296
33549
33405
33744
33384
2062271
33274
33514
33323
33785
33401
2066594
33268
33582
33269
33789
33470
2072415
33271
33581
33253
33766
33417
2076751
33258
33589
33209
33746
33356
2081070
33288
33584
33345
33765
33431
2085400
33294
33557
33436
33801
33442
2089723
33289
33551
33295
33795
33448
2094048
33293
33544
33446
33800
33470
2098370
33269
33617
33262
33815
33375
2102698
33265
33596
33270
33820
33337
2107020
33285
33548
33424
33842
33462
2111345
33276
33531
33260
33852
33420
2115663
33284
33502
33337
33841
33386
2119993
33281
33521
33341
33790
33442
2125820
33276
33552
33272
33807
33401
2130155
33269
33549
33306
33803
33444
2134488
33266
33565
33312
33814
33427
2138822
33280
33590
33280
33808
33397
2143155
33273
33585
33365
33738
33418
2147504
33286
33528
33323
33761
33450
2151828
33271
33562
33267
33782
33406
2156162
33269
33526
33406
33773
33453
2160491
33255
33508
33430
33765
33407
2164822
33281
33547
33344
33782
33395
2169152
33290
33571
33244
33879
33461
2173485
33253
33544
33307
33808
33441
2179346
33289
33511
33402
33705
33437
2183677
33283
33597
33229
33755
33393
2188010
33285
33572
33306
33816
33419
2192345
33266
33565
33352
33834
33428
2196675
33273
33578
33274
33790
33393
2201016
33280
33572
33408
33738
33449
2205354
33281
33538
33325
33797
33380
2209686
33293
33546
33404
33778
33425
2214019
33280
33506
33371
33773
33422
2218354
33271
33497
33359
33741
33434
2222691
33269
33588
33284
33772
33445
2228540
33266
33552
33323
33772
33361
2232888
33271
33557
33416
33766
33418
2254743
33268
33566
33247
33809
33414
2259691
33281
33580
33310
33781
33484
2264039
33291
33513
33373
33763
33437
2268378
33267
33532
33445
33807
33436
2272716
33271
33562
33387
33776
33381
2277052
33264
33500
33354
33775
33461
2281395
33278
33553
33322
33738
33431
2285735
33293
33556
33310
33727
33485
2290074
33268
33582
33348
33751
33411
2294414
33278
33548
33313
33813
33416
2300277
33287
33537
33425
33767
33418
2304627
33269
33543
33323
33776
33432
2308976
33274
33556
33403
33751
33378
2313317
33284
33551
33282
33734
33452
2317668
33294
33485
33379
33748
33423
2322010
33280
33568
33288
33747
33418
2326354
33289
33575
33367
33752
33434
2330696
33268
33607
33286
33740
33396
2335039
33261
33579
33303
33843
33418
2339384
33284
33535
33296
33819
33436
2343734
33282
33541
33271
33774
33417
2349598
33268
33536
33254
33860
33428
2353961
33278
33531
33321
33834
33465
2358303
33290
33572
33282
33836
33436
2362654
33267
33555
33400
33792
33450
2367002
33286
33505
33348
33807
33458
2371348
33268
33488
33448
33780
33464
2375694
33273
33533
33347
33830
33480
2380043
33264
33618
33395
33784
33399
2384387
33285
33552
33364
33837
33447
2388741
33280
33528
33361
33805
33393
2393088
33291
33532
33286
33815
33419
2397433
33288
33626
33276
33847
33456
2403313
33288
33542
33394
33790
33426
2407677
33265
33526
33299
33820
33422
2412027
33265
33533
33427
33817
33395
2416383
33294
33603
33404
33840
33449
2420730
33282
33537
33313
33812
33465
2425088
33284
33639
33382
33761
33446
2429440
33294
33532
33237
33818
33435
2433793
33286
33503
33417
33791
33443
2438143
33271
33529
33349
33737
33377
2442502
33270
33549
33408
33825
33446
2446851
33275
33531
33279
33758
33397
2451207
33267
33534
33268
33806
33419
2457095
33273
33550
33403
33739
33456
2461458
33271
33536
33373
33792
33411
2465818
33284
33539
33415
33812
33433
2470174
33279
33513
33384
33773
33420
2474531
33278
33476
33285
33777
33430
2478893
33268
33590
33291
33787
33383
2483259
33273
33525
33303
33882
33479
2487609
33256
33553
33228
33828
33410
2491971
33269
33564
33348
33778
33505
2496329
33284
33530
33353
33769
33446
2500685
33285
33530
33423
33779
33435
2506568
33266
33552
33350
33785
33434
2510937
33285
33502
33354
33743
33440
2515294
33272
33563
33345
33736
33435
2519664
33270
33519
33352
33832
33435
2524022
33284
33535
33298
33818
33364
2545971
33274
33545
33298
33780
33458
2550883
33285
33587
33334
33807
33456
2555197
33285
33550
33292
33842
33413
2559564
33291
33470
33345
33805
33442
2563925
33282
33549
33346
33764
33462
2568293
33270
33572
33374
33802
33431
2572656
33269
33616
33308
33802
33450
2578555
33289
33539
33256
33791
33403
2582926
33285
33510
33348
33742
33416
2587300
33281
33538
33310
33734
33401
2591674
33293
33510
33353
33786
33411
2596045
33290
33502
33234
33805
33372
2600414
33269
33528
33381
33806
33397
2604782
33292
33539
33283
33834
33382
2609149
33291
33617
33202
33788
33391
2613519
33270
33502
33350
33860
33469
2617881
33266
33512
33368
33752
33441
2622257
33286
33517
33269
33770
33417
2626627
33278
33532
33368
33821
33426
2632541
33250
33512
33296
33761
33428
2636914
33280
33575
33328
33740
33439
2641283
33285
33606
33334
33804
33404
2645651
33285
33628
33385
33790
33432
2650031
33293
33581
33292
33818
33485
2654404
33289
33606
33374
33795
33415
2658783
33257
33555
33364
33736
33417
2663155
33253
33514
33346
33756
33386
2667525
33252
33591
33296
33791
33422
2671899
33287
33636
33408
33775
33374
2676281
33270
33540
33320
33752
33383
2682184
33280
33517
33418
33765
33431
2686577
33285
33567
33227
33797
33437
2690952
33290
33592
33404
33751
33374
2695334
33268
33549
33343
33818
33437
2699715
33288
33516
33382
33796
33439
2704090
33261
33570
33279
33809
33375
2708466
33267
33565
33275
33811
33442
2712844
33283
33545
33274
33768
33440
2717226
33293
33596
33462
33777
33411
2721610
33268
33564
33387
33748
33366
2725991
33266
33533
33431
33796
33406
2730368
33257
33540
33365
33757
33376
2736281
33283
33552
33268
33768
33391
2740674
33275
33544
33304
33753
33396
2745062
33265
33581
33427
33791
33381
2749443
33292
33542
33264
33830
33430
2753827
33270
33597
33439
33836
33411
2758208
33286
33552
33372
33760
33438
2762592
33268
33572
33333
33771
33434
2766975
33287
33592
33398
33806
33439
2771365
33292
33623
33412
33790
33448
2775747
33279
33569
33382
33774
33446
2780132
33290
33594
33358
33812
33458
2784513
33288
33576
33358
33743
33452
2800687
33284
33570
33424
33767
33402
2804946
33269
33544
33314
33800
33398
2809210
33279
33547
33318
33824
33399
2813462
33274
33497
33396
33773
33470
2817721
33288
33553
33331
33822
33473
2821974
33264
33514
33439
33757
33462
2826234
33251
33528
33371
33820
33450
2838924
33287
33537
33399
33777
33455
2852689
33283
33597
33396
33762
33441
2856878
33253
33569
33283
33764
33442
2861018
33272
33586
33271
33865
33380
2866753
33281
33554
33390
33763
33439
2870994
33294
33543
33318
33747
33427
2875231
33253
33534
33359
33825
33467
2879462
33281
33529
33263
33829
33482
2883701
33287
33570
33325
33766
33427
2887933
33294
33508
33402
33765
33455
2892168
33271
33554
33426
33776
33506
2896391
33261
33561
33288
33803
33348
2900619
33280
33604
33263
33836
33397
2904848
33271
33592
33281
33800
33373
2909077
33266
33612
33338
33823
33447
2913313
33289
33505
33250
33766
33433
2919010
33280
33555
33257
33801
33395
2923264
33280
33591
33192
33806
33411
2927513
33286
33544
33225
33743
33417
2931752
33268
33592
33316
33778
33434
2935988
33291
33591
33455
33753
33436
2940222
33289
33603
33249
33839
33413
2944461
33262
33579
33346
33812
33424
2948694
33267
33565
33330
33802
33533
2952936
33283
33543
33402
33771
33482
2957171
33284
33466
33340
33773
33482
2961416
33252
33543
33282
33822
33435
2967127
33289
33529
33390
33829
33427
2971374
33266
33519
33364
33765
33454
2975621
33252
33568
33307
33822
33419
2979859
33290
33582
33254
33829
33359
2984107
33270
33566
33349
33785
33452
2988347
33258
33528
33383
33832
33454
2992591
33269
33530
33366
33801
33437
2996839
33288
33588
33272
33831
33516
3001084
33283
33553
33304
33892
33448
3005332
33272
33605
33256
33812
33456
3009572
33269
33603
33260
33781
33428
3013818
33280
33620
33230
33789
33405
3019529
33269
33574
33296
33806
33425
3023790
33286
33548
33235
33757
33431
3028040
33280
33558
33273
33840
33453
3032295
33288
33596
33294
33785
33411
3036547
33260
33521
33378
33795
33422
3040794
33283
33532
33336
33764
33451
3045049
33261
33561
33248
33757
33405
3049297
33270
33598
33319
33780
33391
3053547
33270
33556
33338
33851
33427
3057793
33279
33553
33392
33788
33440
3062043
33276
33555
33188
33825
33332
3066289
33276
33603
33276
33804
33409
3072028
33279
33587
33259
33806
33455
3076283
33271
33523
33402
33769
33439
3080536
33286
33614
33272
33831
33375
3084797
33268
33614
33239
33748
33397
3089047
33280
33513
33288
33858
33413
3093302
33280
33592
33458
33798
33429
3097553
33263
33562
33246
33842
33411
3101812
33276
33563
33386
33765
33466
3106069
33267
33535
33383
33787
33432
3110328
33263
33541
33354
33770
33465
3121913
33268
33526
33346
33831
33442
3137944
33274
33495
33215
33814
33402
3142222
33261
33524
33362
33797
33449
3146487
33279
33634
33325
33805
33364
3150750
33267
33521
33376
33804
33385
3155010
33246
33528
33371
33728
33400
3159269
33253
33586
33295
33809
33430
3163525
33258
33560
33274
33843
33399
3167786
33264
33528
33326
33716
33384
3172044
33277
33531
33370
33752
33408
3176308
33273
33524
33368
33813
33416
3180567
33281
33502
33285
33808
33437
3184836
33286
33558
33275
33831
33373
3190578
33265
33560
33362
33788
33419
3194853
33283
33570
33412
33842
33413
3199121
33286
33485
33421
33699
33462
3203383
33257
33567
33347
33782
33435
3207646
33266
33548
33259
33801
33432
3211914
33283
33559
33354
33772
33382
3216187
33291
33476
33376
33794
33401
3220456
33271
33543
33291
33752
33400
3224722
33275
33626
33292
33821
33425
3228989
33290
33555
33340
33772
33366
3233254
33286
33561
33298
33812
33414
3237515
33281
33523
33287
33735
33426
3243271
33272
33529
33282
33801
33438
3247547
33267
33493
33321
33766
33461
3251816
33289
33550
33423
33765
33437
3256090
33273
33503
33307
33775
33379
3260353
33273
33531
33314
33836
33427
3264631
33251
33525
33326
33774
33351
3268895
33270
33531
33206
33838
33364
3273173
33269
33605
33308
33796
33410
3277442
33262
33543
33306
33851
33467
3281713
33271
33524
33261
33792
33400
3285983
33284
33548
33327
33798
33420
3291740
33243
33492
33284
33829
33410
3296031
33279
33527
33290
33910
33445
3300302
33295
33587
33315
33801
33427
3304579
33284
33529
33271
33876
33361
3308851
33282
33583
33360
33831
33422
3313127
33267
33533
33356
33798
33389
3317407
33293
33541
33351
33776
33413
3321679
33285
33554
33319
33777
33435
3325953
33269
33583
33363
33759
33399
3330235
33275
33571
33372
33800
33376
3334508
33272
33566
33278
33823
33391
3338784
33266
33490
33367
33840
33394
3344538
33245
33587
33326
33769
33394
3348826
33265
33555
33339
33735
33407
3353106
33268
33564
33359
33875
33432
3357385
33255
33528
33336
33827
33420
3361668
33271
33553
33330
33821
33391
3365949
33287
33546
33330
33826
33427
3370237
33281
33558
33310
33832
33386
3374507
33283
33533
33361
33745
33364
3378785
33256
33512
33242
33788
33383
3383059
33271
33526
33346
33772
33397
3387335
33270
33527
33308
33839
33426
3391611
33290
33511
33377
33766
33422
3397389
33271
33523
33353
33825
33409
3419341
33273
33408
33398
33778
33458
3423630
33271
33541
33374
33818
33405
3427866
33269
33605
33211
33825
33380
3432153
33251
33504
33360
33819
33407
3436443
33258
33548
33380
33762
33387
3440729
33291
33540
33351
33804
33431
3445022
33268
33497
33299
33834
33414
3449303
33278
33555
33254
33763
33363
3453590
33272
33527
33339
33797
33457
3457875
33291
33583
33290
33780
33383
3463654
33273
33530
33390
33699
33410
3467955
33267
33521
33278
33782
33391
3472247
33289
33552
33371
33763
33529
3476541
33286
33545
33343
33785
33491
3480831
33271
33471
33281
33778
33362
3485124
33268
33540
33281
33777
33415
3489408
33285
33531
33255
33785
33387
3493705
33284
33499
33330
33779
33416
3497995
33274
33571
33331
33823
33429
3502292
33268
33598
33214
33777
33340
3506581
33257
33537
33309
33777
33412
3510877
33282
33547
33288
33761
33438
3516664
33289
33528
33435
33787
33384
3520977
33279
33554
33291
33815
33347
3525275
33278
33507
33355
33764
33374
3529571
33277
33495
33298
33731
33416
3533865
33294
33595
33348
33745
33379
3538165
33289
33538
33322
33767
33435
3542459
33271
33486
33406
33697
33381
3546759
33271
33515
33354
33778
33427
3551057
33255
33527
33312
33829
33394
3555355
33290
33524
33199
33776
33357
3559654
33291
33548
33224
33774
33389
3565447
33272
33535
33328
33715
33434
3569752
33269
33530
33377
33743
33415
3574051
33284
33524
33358
33750
33392
3578355
33270
33555
33190
33731
33407
3582655
33275
33555
33307
33832
33424
3586951
33284
33514
33206
33790
33410
3591255
33282
33543
33383
33736
33444
3595580
33277
33533
33302
33739
33378
3599880
33292
33545
33331
33769
33429
3604186
33270
33600
33290
33771
33505
3608483
33275
33492
33356
33745
33462
3612791
33294
33570
33367
33827
33416
3618595
33268
33562
33321
33772
33450
3622909
33298
33539
33253
33783
33466
3627217
33283
33563
33306
33840
33435
3631522
33284
33595
33287
33785
33442
3635836
33272
33612
33296
33749
33410
3640134
33289
33570
33372
33759
33395
3644443
33274
33524
33412
33748
33394
3648748
33282
33511
33443
33747
33395
3653054
33285
33565
33351
33734
33374
3657357
33289
33494
33396
33751
33398
3661670
33274
33565
33395
33765
33414
3665972
33272
33565
33280
33777
33428
3671792
33287
33577
33333
33748
33428
3676100
33286
33507
33315
33754
33440
3680417
33277
33560
33349
33801
33403
3684731
33275
33566
33363
33742
33400
3706464
33284
33570
33383
33798
33434
3710781
33267
33540
33297
33817
33373
3714986
33278
33534
33330
33835
33449
3719308
33263
33526
33306
33833
33403
3723624
33281
33595
33330
33831
33440
3727937
33282
33533
33305
33722
33419
3732250
33266
33570
33342
33831
33396
3738071
33285
33566
33331
33796
33438
3742397
33275
33540
33306
33830
33456
3746726
33247
33484
33400
33733
33443
3751042
33273
33514
33285
33815
33371
3755361
33285
33509
33377
33790
33395
3759680
33289
33580
33268
33814
33382
3764002
33270
33544
33324
33826
33416
3768316
33276
33517
33316
33806
33392
3772645
33252
33509
33376
33799
33426
3776968
33286
33590
33342
33771
33359
3781293
33287
33522
33359
33757
33478
3785613
33279
33489
33307
33807
33437
3791443
33286
33539
33292
33777
33417
3795775
33274
33591
33255
33765
33324
3800099
33248
33524
33361
33809
33382
3804422
33252
33552
33284
33831
33409
3808748
33285
33516
33367
33753
33405
3813069
33293
33547
33221
33836
33352
3817397
33283
33555
33242
33801
33428
3821721
33252
33499
33257
33739
33376
3826049
33247
33559
33398
33807
33416
3830372
33277
33508
33289
33817
33351
3834694
33268
33559
33332
33789
33406
3839018
33272
33552
33241
33792
33347
3844867
33264
33551
33290
33816
33349
3849206
33277
33565
33379
33740
33357
3853541
33285
33563
33279
33813
33383
3857866
33269
33554
33277
33848
33351
3862203
33255
33494
33280
33791
33395
3866531
33252
33539
33365
33854
33446
3870858
33275
33599
33341
33792
33389
3875190
33274
33546
33317
33839
33368
3879521
33269
33560
33303
33821
33385
3883850
33252
33511
33315
33862
33377
3888179
33274
33577
33382
33818
33412
3894022
33248
33533
33309
33839
33350
3898359
33269
33565
33261
33713
33352
3902692
33272
33558
33298
33812
33399
3907028
33267
33549
33326
33791
33420
3911360
33270
33479
33325
33766
33453
3915695
33261
33517
33403
33739
33390
3920035
33244
33538
33275
33831
33406
3924369
33283
33558
33403
33830
33408
3928706
33276
33552
33384
33821
33416
3933039
33265
33585
33286
33806
33432
3937368
33252
33550
33247
33855
33425
3941707
33248
33517
33376
33764
33401
3947549
33278
33577
33325
33790
33436
3951894
33258
33514
33298
33791
33382
3956237
33258
33553
33327
33790
33408
3960572
33255
33507
33334
33756
33384
3964916
33287
33488
33235
33732
33397
3969253
33283
33574
33330
33778
33371
3973591
33268
33595
33439
33728
33391
3995110
33289
33642
33262
33782
33402
4000066
33287
33638
33206
33776
33395
4004412
33293
33640
33272
33801
33446
4008752
33282
33568
33268
33786
33410
4013089
33287
33630
33308
33789
33403
4018953
33288
33602
33261
33766
33326
4023301
33258
33622
33382
33803
33431
4027642
33255
33613
33333
33761
33426
4031989
33262
33562
33226
33862
33429
4036337
33288
33564
33228
33848
33398
4040682
33287
33571
33356
33800
33436
4045025
33283
33618
33383
33778
33473
4049375
33260
33581
33273
33840
33409
4053717
33263
33541
33355
33751
33389
4058069
33273
33552
33332
33808
33400
4062410
33292
33604
33309
33797
33387
4068279
33286
33567
33212
33776
33375
4072641
33291
33568
33317
33811
33419
4077001
33291
33624
33264
33833
33433
4081354
33300
33588
33346
33765
33416
4085707
33297
33620
33310
33784
33403
4090054
33269
33594
33312
33810
33392
4094407
33268
33654
33339
33754
33409
4098755
33282
33635
33375
33720
33442
4103110
33285
33594
33391
33826
33433
4107454
33292
33628
33365
33747
33433
4111805
33278
33557
33373
33753
33408
4116151
33264
33575
33350
33709
33442
4122026
33295
33571
33307
33748
33407
4126387
33296
33568
33320
33880
33418
4130742
33283
33476
33362
33725
33433
4135100
33317
33591
33244
33758
33407
4139455
33300
33528
33324
33740
33363
4143809
33320
33600
33349
33771
33432
4148168
33338
33603
33259
33815
33371
4152519
33331
33578
33262
33760
33376
4156873
33313
33579
33309
33774
33411
4161225
33320
33614
33287
33835
33350
4165584
33334
33642
33299
33818
33460
4171462
33329
33560
33367
33785
33359
4175834
33347
33566
33280
33732
33383
4180191
33356
33594
33281
33750
33386
4184549
33369
33538
33382
33771
33444
4188907
33378
33588
33318
33772
33394
4193270
33380
33586
33345
33783
33441
4197625
33357
33524
33344
33784
33461
4201987
33381
33549
33289
33755
33395
4206349
33392
33540
33332
33748
33390
4210708
33360
33549
33364
33748
33406
4215062
33361
33524
33395
33774
33364
4219427
33355
33612
33426
33758
33406
4225311
33329
33572
33365
33738
33432
4229681
33335
33560
33287
33827
33429
4234041
33311
33557
33246
33847
33377
4238410
33332
33554
33289
33855
33431
4242765
33302
33502
33412
33772
33411
4247131
33305
33541
33271
33805
33380
4251492
33289
33542
33373
33737
33417
4255855
33310
33604
33280
33790
33414
4260221
33313
33536
33283
33800
33374
4264582
33359
33595
33263
33744
33378
4286200
33385
33556
33357
33747
33427
4290577
33399
33581
33230
33809
33418
4296366
33412
33585
33246
33768
33401
4300734
33448
33620
33379
33772
33429
4305103
33443
33568
33265
33786
33413
4309474
33463
33589
33251
33797
33414
4313841
33467
33589
33324
33723
33374
4318210
33487
33621
33278
33780
33407
4322577
33513
33564
33291
33756
33477
4326953
33514
33568
33357
33687
33408
4331323
33491
33550
33429
33731
33449
4335688
33490
33506
33376
33752
33402
4340059
33493
33511
33262
33854
33359
4345965
33481
33578
33435
33784
33393
4350345
33472
33570
33213
33777
33446
4354718
33474
33534
33309
33727
33422
4359083
33478
33601
33226
33795
33372
4363459
33491
33550
33279
33747
33425
4367834
33480
33537
33309
33720
33381
4372206
33458
33601
33188
33805
33410
4376578
33447
33467
33347
33742
33438
4380946
33425
33637
33256
33796
33405
4385318
33439
33589
33267
33730
33394
4389694
33431
33588
33284
33829
33388
4394073
33416
33523
33418
33673
33394
4399980
33414
33568
33252
33757
33386
4404366
33462
33569
33359
33787
33411
4408743
33498
33593
33226
33741
33349
4413131
33553
33601
33259
33762
33419
4417509
33624
33569
33364
33756
33407
4421888
33678
33596
33263
33748
33500
4426263
33748
33509
33405
33830
33442
4430643
33810
33571
33267
33799
33398
4435018
33885
33553
33279
33769
33397
4439399
33955
33506
33377
33743
33408
4443770
34050
33550
33277
33740
33440
4448151
34142
33560
33284
33795
33437
4454075
34231
33588
33370
33801
33422
4458461
34316
33550
33259
33797
33442
4462843
34418
33546
33257
33720
33415
4467229
34472
33524
33382
33701
33390
4471609
34576
33538
33248
33788
33386
4476001
34632
33564
33267
33779
33402
4480382
34696
33522
33359
33740
33390
4484764
34780
33503
33369
33744
33464
4489153
34898
33639
33399
33783
33387
4493538
34976
33565
33362
33765
33410
4497923
35089
33550
33382
33779
33440
4503844
35214
33637
33375
33831
33474
4508244
35371
33568
33300
33759
33410
4512633
35471
33530
33330
33802
33438
4517027
35617
33563
33391
33821
33397
4521412
35751
33555
33315
33816
33419
4525803
35917
33567
33216
33811
33474
4530187
36078
33570
33320
33874
33431
4534571
36232
33522
33367
33744
33417
4538959
36409
33511
33326
33775
33446
4543344
36561
33579
33369
33808
33429
4547728
36765
33541
33313
33750
33400
4552121
36989
33524
33321
33766
33378
4565532
39175
33554
33245
33818
33391
4585310
39585
33514
33328
33758
33476
4589527
39968
33545
33360
33836
33454
4593723
40371
33553
33429
33839
33463
4597984
40707
33563
33347
33798
33453
4602252
41053
33604
33230
33788
33407
4606511
41309
33598
33227
33802
33355
4610771
41560
33517
33263
33822
33428
4615031
41836
33627
33163
33845
33434
4619296
42125
33621
33235
33872
33387
4623558
42456
33586
33279
33803
33444
4627826
43236
33473
33347
33765
33395
4637899
43548
33553
33310
33740
33420
4642465
43963
33537
33358
33818
33438
4647031
44400
33543
33224
33875
33361
4651585
44827
33505
33306
33824
33398
4656149
45423
33549
33299
33739
33386
4660703
45892
33543
33340
33784
33391
4665263
46337
33535
33375
33769
33452
4669828
46824
33523
33291
33808
33379
4674385
47216
33579
33287
33747
33452
4678943
47682
33499
33396
33811
33418
4683501
48295
33518
33275
33765
33404
4689540
48993
33513
33337
33764
33399
4694114
49454
33491
33371
33828
33423
4698671
49782
33511
33265
33740
33391
4703230
50122
33503
33336
33781
33415
4707798
50333
33506
33309
33832
33424
4712354
50493
33593
33276
33797
33436
4716918
50658
33547
33333
33751
33347
4721481
50742
33564
33347
33813
33431
4726045
50863
33604
33358
33829
33431
4730607
50937
33522
33322
33772
33400
4735170
50970
33544
33369
33816
33452
4739729
50981
33495
33343
33803
33393
4745770
50870
33566
33341
33880
33442
4750342
50804
33563
33264
33750
33402
4754914
50657
33519
33293
33812
33446
4759479
50487
33496
33323
33763
33409
4764044
50108
33438
33304
33821
33338
4768614
49733
33540
33383
33784
33384
4773176
49223
33618
33395
33772
33431
4777746
48535
33600
33363
33750
33419
4782316
47673
33641
33262
33789
33452
4786877
46702
33583
33393
33772
33357
4791447
45753
33628
33338
33728
33463
4797492
44284
33543
33360
33779
33394
4802071
43298
33597
33370
33807
33421
4806644
42298
33597
33271
33807
33402
4811217
41145
33626
33426
33751
33410
4815792
40166
33548
33331
33774
33416
4820365
39202
33630
33352
33747
33434
4824933
37748
33568
33451
33720
33419
4829510
36238
33515
33284
33760
33409
4834084
34465
33593
33294
33771
33432
4838658
33585
33565
33367
33792
33414
4843238
33237
33565
33302
33741
33465
4847804
33224
33582
33400
33726
33375
4853853
33271
33616
33389
33760
33416
4858441
33264
33598
33391
33799
33337
4863014
33270
33533
33288
33738
33327
4867598
33273
33608
33310
33791
33436
4889129
33272
33630
33277
33750
33379
4893716
33270
33575
33291
33745
33361
4898241
33290
33604
33229
33788
33421
4902821
33274
33652
33253
33771
33426
4907402
33277
33580
33379
33729
33428
4911980
33264
33598
33355
33816
33469
4916555
33253
33590
33409
33764
33439
4921130
33263
33604
33269
33781
33436
4927194
33261
33606
33404
33731
33411
4931780
33249
33601
33294
33781
33397
4936362
33267
33631
33275
33782
33439
4940942
33287
33576
33286
33744
33358
4945525
33291
33613
33325
33775
33415
4950101
33284
33575
33291
33743
33410
4954684
33293
33564
33332
33763
33444
4959265
33293
33584
33355
33727
33401
4963840
33286
33621
33255
33773
33433
4968417
33293
33615
33261
33768
33480
4972998
33298
33579
33309
33766
33393
4979047
33270
33556
33325
33775
33386
4983643
33266
33615
33329
33696
33419
4988225
33264
33578
33263
33802
33449
4992815
33293
33634
33214
33735
33378
4997403
33287
33529
33342
33752
33414
5001987
33283
33587
33252
33774
33408
5006575
33299
33622
33297
33799
33447
5011164
33348
33604
33276
33765
33394
5015748
33353
33605
33340
33766
33379
5020328
33356
33633
33268
33794
33469
5024917
33385
33644
33360
33746
33435
5029500
33384
33557
33409
33733
33464
5035571
33446
33585
33396
33742
33444
5040164
33526
33600
33292
33775
33456
5044752
33697
33609
33414
33732
33432
5049343
33892
33591
33267
33806
33451
5053926
34163
33521
33317
33739
33437
5058518
34454
33523
33382
33768
33437
5063107
34714
33534
33330
33768
33375
5067691
35208
33547
33254
33757
33417
5072285
35869
33527
33273
33812
33475
5076872
36677
33553
33378
33744
33473
5081464
37533
33526
33342
33710
33418
5086054
38523
33528
33357
33746
33451
5092139
39211
33506
33393
33748
33451
5096732
39951
33600
33430
33819
33457
5101328
41059
33555
33227
33784
33502
5105919
42148
33572
33251
33779
33441
5110518
43679
33549
33345
33786
33475
5115112
45043
33516
33414
33775
33453
5119702
46232
33584
33272
33798
33446
5124291
47581
33551
33284
33817
33438
5128889
48593
33576
33332
33795
33504
5133480
49620
33536
33265
33806
33434
5138077
50579
33584
33324
33800
33426
5144163
51902
33539
33322
33795
33512
5148775
52539
33595
33274
33791
33435
5153373
53169
33541
33294
33793
33442
5157973
53907
33545
33263
33808
33454
5162576
54499
33530
33394
33718
33408
5167179
55342
33482
33417
33766
33436
5171773
57927
33598
33284
33826
33482
5191400
58265
33585
33273
33742
33384
5196331
58465
33560
33374
33816
33490
5200937
58600
33462
33385
33736
33451
5205541
58614
33525
33434
33778
33410
5210144
58634
33547
33315
33777
33383
5216229
58544
33521
33360
33766
33411
5220847
58256
33560
33283
33813
33426
5225449
57968
33629
33279
33794
33474
5230054
57437
33565
33301
33786
33446
5234657
56973
33542
33424
33726
33402
5239257
56402
33550
33292
33811
33442
5243861
55719
33528
33284
33827
33362
5248468
55156
33551
33356
33770
33435
5253070
54489
33546
33328
33737
33447
5257679
53982
33573
33282
33730
33416
5262284
53496
33535
33352
33804
33441
5266887
52880
33589
33467
33719
33401
5272996
52410
33510
33353
33759
33453
5277605
52019
33513
33446
33762
33446
5282219
51548
33534
33335
33769
33402
5286823
51036
33500
33331
33800
33478
5291436
50453
33632
33312
33809
33449
5296044
49594
33515
33212
33707
33396
5300652
48856
33528
33294
33797
33454
5305257
47967
33502
33394
33740
33435
5309873
47068
33533
33403
33775
33412
5314486
46526
33526
33351
33765
33424
5319091
45403
33573
33396
33762
33399
5325197
44317
33553
33322
33784
33421
5329824
43529
33511
33362
33795
33452
5334438
42607
33613
33285
33790
33372
5339049
41459
33566
33261
33747
33386
5343660
40479
33529
33318
33792
33429
5348268
39396
33529
33424
33751
33429
5352884
38610
33543
33374
33786
33439
5357501
37896
33534
33289
33765
33442
5362111
37006
33562
33283
33766
33438
5366733
36268
33568
33330
33787
33448
5371349
35544
33576
33287
33814
33453
5375956
35050
33589
33362
33719
33389
5382069
34215
33538
33253
33819
33417
5386695
33712
33604
33287
33773
33410
5391312
33122
33562
33429
33808
33428
5395927
32687
33568
33270
33787
33364
5400546
32263
33562
33374
33815
33411
5405162
31874
33575
33273
33790
33449
5409784
31468
33580
33395
33788
33458
5414402
30944
33533
33433
33718
33391
5419026
30540
33580
33304
33810
33406
5423651
30144
33570
33327
33804
33423
5428267
29808
33554
33286
33802
33378
5434390
29362
33502
33283
33778
33381
5439021
29105
33552
33313
33785
33420
5443642
28967
33565
33339
33737
33437
5448265
28998
33590
33340
33769
33381
5452883
29148
33574
33279
33686
33421
5457502
29383
33526
33243
33769
33416
5462125
29666
33604
33415
33759
33502
5466749
30225
33506
33367
33709
33450
5471368
30789
33600
33345
33802
33410
5475995
36476
33511
33376
33762
33453
5497362
38790
33523
33360
33741
33467
5502001
40756
33461
33349
33845
33488
5508022
43722
33557
33359
33744
33428
5512666
45936
33539
33332
33754
33380
5517302
47688
33577
33392
33774
33412
5521935
49411
33605
33312
33816
33429
5526568
51512
33497
33331
33691
33414
5531198
53133
33582
33307
33804
33405
5535833
55005
33496
33397
33750
33410
5540467
56234
33540
33258
33834
33445
5545107
57871
33505
33334
33778
33433
5549737
58958
33573
33352
33775
33459
5554372
59909
33559
33450
33804
33418
5559011
60945
33513
33382
33761
33465
5565160
61715
33571
33255
33809
33454
5569796
62173
33536
33322
33742
33457
5574435
62557
33502
33370
33768
33393
5579068
62762
33486
33378
33823
33435
5583704
62947
33591
33334
33734
33437
5588342
63404
33505
33239
33723
33433
5592980
63732
33515
33405
33773
33465
5597618
64102
33559
33256
33862
33368
5602259
64564
33600
33288
33788
33379
5606897
65306
33615
33353
33790
33455
5611542
65473
33631
33322
33775
33415
5617698
65439
33577
33365
33729
33380
5622345
65457
33634
33340
33747
33505
5626993
65439
33540
33252
33710
33428
5631638
65426
33561
33355
33750
33405
5636282
64623
33495
33429
33756
33413
5640919
63928
33505
33377
33751
33422
5645558
63096
33572
33337
33741
33418
5650207
62496
33551
33380
33789
33406
5654847
62112
33544
33425
33747
33476
5659486
61741
33589
33338
33793
33425
5664131
61390
33537
33232
33837
33369
5668771
60859
33531
33371
33731
33422
5674925
60204
33565
33332
33743
33425
5679580
59756
33528
33287
33753
33360
5684228
59491
33614
33338
33728
33459
5688877
59172
33534
33305
33781
33455
5693522
58898
33548
33297
33765
33446
5698173
58500
33519
33307
33783
33393
5702820
58080
33596
33326
33737
33410
5707472
57447
33534
33346
33791
33427
5712111
56908
33532
33324
33817
33374
5716764
56214
33518
33357
33705
33482
5721413
55383
33551
33273
33826
33409
5726054
54040
33507
33432
33724
33418
5732229
53086
33549
33257
33820
33402
5736876
51814
33548
33261
33740
33453
5741531
50749
33537
33285
33817
33435
5746184
49411
33540
33282
33770
33359
5750836
48273
33544
33321
33806
33408
5755487
47000
33568
33279
33729
33372
5760141
45702
33557
33392
33754
33413
5764790
44577
33572
33282
33761
33497
5769437
43205
33549
33423
33791
33423
5774090
42110
33531
33378
33659
33422
5778746
40730
33569
33426
33801
33472
5792311
34565
33548
33229
33803
33434
5807372
33639
33494
33410
33802
33460
5811987
32711
33642
33387
33830
33461
5816594
31639
33591
33276
33752
33479
5821252
30803
33588
33323
33849
33475
5825915
29843
33613
33291
33789
33433
5830575
29200
33540
33352
33732
33420
5835235
28562
33559
33305
33820
33465
5839893
28139
33580
33352
33767
33423
5844558
27857
33607
33362
33761
33461
5849214
27717
33624
33289
33773
33453
5853876
27703
33544
33360
33808
33430
5860056
27770
33551
33319
33843
33428
5864725
28020
33542
33240
33805
33399
5869389
28297
33525
33386
33765
33373
5874052
28686
33511
33364
33766
33435
5878716
28982
33561
33278
33828
33460
5883381
29391
33528
33364
33762
33388
5888055
29755
33537
33319
33763
33330
5892721
30204
33598
33327
33784
33429
5897387
30551
33605
33319
33878
33410
5902054
30887
33591
33389
33884
33432
5906725
32370
33565
33351
33818
33440
5911382
32915
33520
33358
33815
33404
5917582
33429
33518
33410
33769
33389
5922255
33330
33523
33278
33775
33392
5926925
33293
33547
33368
33792
33421
5931604
33288
33523
33260
33834
33399
5936273
33286
33547
33279
33827
33400
5940937
33307
33502
33284
33811
33411
5945606
33282
33519
33298
33842
33389
5950278
33295
33584
33352
33755
33368
5954944
33297
33542
33343
33858
33438
5959613
33309
33530
33316
33843
33409
5964289
33300
33557
33297
33774
33414
5970476
33303
33535
33357
33741
33436
5975163
33297
33543
33314
33791
33369
5979838
33287
33546
33297
33798
33390
5984509
33286
33566
33351
33750
33420
5989174
33281
33516
33330
33756
33418
5993842
33294
33542
33248
33802
33427
5998514
33265
33564
33241
33823
33383
6003184
33271
33491
33352
33777
33400
6007858
33284
33547
33271
33879
33366
6012536
33299
33435
33351
33800
33456
6017214
33302
33536
33404
33893
33441
6021892
33292
33508
33389
33852
33412
6028100
33281
33504
33342
33854
33383
6032781
33306
33532
33344
33808
33455
6037465
33305
33524
33268
33775
33377
6042148
33298
33515
33318
33789
33373
6046822
33319
33540
33401
33818
33352
6051503
33304
33531
33298
33798
33391
6056181
33314
33559
33225
33853
33407
6060859
33308
33547
33236
33792
33404
6065535
33329
33548
33307
33800
33380
6070219
33355
33589
33336
33794
33402
6074899
33372
33503
33315
33855
33404
6081104
33378
33528
33345
33824
33378
6085796
33424
33555
33341
33788
33398
6090486
33520
33506
33357
33760
33384
6102617
33778
33561
33272
33828
33411
6117993
33878
33508
33296
33807
33392
6122686
34010
33536
33386
33734
33455
6127318
34126
33516
33391
33769
33402
6131998
34168
33554
33342
33837
33431
6136687
34337
33585
33428
33816
33398
6141371
34606
33550
33308
33811
33352
6146060
35059
33536
33364
33731
33408
6150742
35722
33556
33328
33751
33389
6156962
36569
33528
33367
33753
33431
6161664
37124
33564
33299
33779
33378
6166351
37864
33535
33313
33796
33379
6171044
38630
33565
33302
33807
33392
6175736
39738
33552
33307
33809
33373
6180424
40555
33570
33409
33835
33488
6185118
41510
33577
33282
33754
33419
6189810
42193
33561
33252
33809
33360
6194500
43084
33507
33274
33887
33440
6199193
43882
33543
33374
33832
33419
6203895
44889
33586
33270
33831
33341
6208587
46364
33507
33330
33796
33416
6214828
47495
33529
33259
33824
33394
6219528
48779
33602
33420
33822
33439
6224226
49744
33561
33344
33802
33411
6228915
50883
33478
33341
33775
33440
6233610
52041
33587
33385
33729
33421
6238310
53458
33479
33344
33804
33370
6243005
54526
33542
33318
33834
33413
6247695
55426
33567
33367
33816
33450
6252389
56070
33528
33292
33759
33391
6257088
57278
33572
33352
33843
33434
6261778
58176
33512
33356
33782
33345
6268010
59119
33493
33298
33817
33427
6272722
59775
33552
33404
33752
33405
6277420
60517
33480
33471
33807
33419
6282117
60860
33532
33320
33763
33384
6286814
60936
33552
33386
33755
33413
6291518
61093
33498
33312
33818
33393
6296211
61761
33517
33369
33762
33391
6300911
62420
33533
33201
33810
33372
6305616
63280
33508
33246
33852
33390
6310315
63938
33502
33328
33755
33454
6315011
64777
33555
33264
33837
33405
6319711
65364
33570
33369
33747
33358
6325953
65435
33535
33267
33789
33411
6330663
65432
33592
33332
33815
33429
6335373
65466
33572
33403
33714
33412
6340077
65456
33597
33404
33816
33471
6344778
65464
33536
33340
33838
33485
6349486
65444
33584
33335
33792
33421
6354193
65438
33504
33306
33715
33457
6358897
65440
33570
33430
33826
33457
6363598
65446
33540
33323
33805
33328
6368306
65445
33582
33314
33827
33349
6373015
65052
33538
33416
33808
33372
6377720
63855
33559
33246
33841
33436
6383982
62625
33562
33277
33783
33387
6388685
61492
33584
33353
33771
33458
6393392
59910
33563
33301
33734
33385
6398105
58791
33545
33336
33697
33416
6402817
55230
33577
33400
33708
33456
6414999
49293
33569
33279
33778
33375
6433072
47980
33595
33367
33807
33465
6437510
46416
33578
33312
33736
33458
6441998
45244
33527
33229
33744
33430
6446540
44290
33637
33341
33734
33368
6451087
43348
33567
33298
33751
33433
6457107
40660
33518
33246
33775
33357
6472929
40003
33603
33354
33735
33395
6477499
39211
33563
33325
33813
33426
6482063
37011
33553
33384
33722
33395
6486629
34871
33548
33435
33767
33413
6491206
33781
33588
33300
33770
33435
6495772
33742
33584
33358
33778
33454
6500338
33307
33559
33358
33803
33433
6504906
33285
33621
33225
33817
33418
6509470
33272
33587
33344
33743
33375
6514038
33274
33579
33333
33770
33425
6518604
33260
33558
33248
33723
33397
6524666
33272
33588
33369
33759
33419
6529216
33285
33598
33399
33727
33401
6533756
33267
33561
33423
33830
33373
6538304
33269
33525
33333
33773
33320
6542850
33287
33501
33339
33704
33441
6547392
33270
33613
33413
33765
33404
6551937
33289
33551
33325
33747
33437
6556478
33286
33601
33231
33808
33429
6561022
33291
33548
33362
33756
33407
6565558
33285
33587
33214
33786
33372
6570094
33314
33542
33239
33825
33401
6574641
33336
33532
33341
33744
33406
6580649
33371
33625
33343
33782
33520
6585187
33465
33536
33334
33729
33400
6589736
33700
33598
33403
33736
33418
6594274
34208
33592
33327
33739
33439
6598818
35293
33547
33365
33703
33390
6603356
36321
33639
33349
33793
33449
6607898
37389
33558
33318
33712
33403
6612444
38841
33520
33249
33794
33436
6616983
40134
33606
33264
33762
33403
6621528
41362
33574
33239
33745
33383
6626071
42765
33547
33316
33740
33434
6632076
44177
33616
33252
33826
33367
6636627
45578
33559
33298
33713
33378
6641169
46815
33578
33387
33776
33431
6645713
48267
33588
33339
33760
33431
6650253
49973
33559
33359
33797
33427
6654793
50873
33552
33279
33742
33357
6659337
52388
33519
33373
33774
33413
6663871
53937
33538
33347
33870
33366
6668411
55403
33546
33341
33791
33420
6672956
56974
33531
33309
33761
33418
6677495
58824
33553
33332
33763
33379
6682044
60064
33560
33275
33753
33440
6688048
61556
33546
33364
33796
33397
6692598
62343
33522
33302
33766
33366
6697143
63090
33480
33256
33804
33401
6701687
63630
33483
33402
33768
33391
6706228
63972
33562
33299
33846
33458
6710766
64224
33466
33302
33790
33400
6715307
64532
33541
33290
33790
33430
6719855
64776
33557
33255
33859
33327
6724394
63355
33550
33275
33797
33397
6745773
62175
33569
33369
33782
33493
6750639
60679
33500
33349
33827
33415
6756607
58702
33518
33276
33869
33334
6761148
56485
33550
33301
33759
33420
6765688
54528
33540
33392
33735
33397
6770230
52462
33609
33259
33798
33397
6774768
49170
33476
33373
33799
33441
6779304
46472
33577
33308
33795
33444
6783845
41135
33527
33272
33815
33340
6788384
37286
33492
33382
33781
33474
6792924
33993
33521
33453
33796
33389
6797462
33364
33502
33322
33685
33386
6802002
33261
33547
33220
33878
33384
6806540
33253
33576
33468
33766
33455
6812539
33269
33579
33212
33840
33389
6817095
33278
33548
33334
33830
33416
6821634
33259
33506
33361
33746
33445
6826171
33262
33488
33416
33804
33409
6830707
33274
33552
33294
33833
33405
6835246
33275
33511
33324
33785
33370
6839794
33253
33547
33404
33788
33391
6844334
33251
33614
33393
33853
33470
6848877
33270
33558
33331
33797
33437
6853425
33252
33513
33397
33769
33420
6857964
33283
33522
33275
33825
33400
6862503
33268
33540
33347
33777
33446
6868505
33258
33553
33317
33839
33439
6873051
33275
33532
33357
33811
33412
6877598
33265
33518
33238
33834
33386
6882136
33269
33564
33295
33835
33442
6886680
33283
33531
33390
33736
33384
6891228
33272
33603
33307
33822
33384
6895770
33270
33559
33294
33878
33379
6900311
33268
33564
33391
33835
33435
6904847
33274
33499
33264
33761
33394
6909385
33270
33522
33309
33796
33413
6913925
33288
33545
33305
33831
33387
6919930
33260
33541
33444
33805
33427
6924478
33253
33542
33307
33736
33389
6929012
33266
33568
33433
33794
33450
6933556
33253
33587
33299
33766
33399
6938099
33252
33558
33330
33786
33374
6942638
33250
33543
33397
33776
33453
6947180
33256
33618
33366
33735
33467
6951719
33253
33543
33427
33831
33451
6956259
33274
33597
33278
33832
33406
6960801
33254
33592
33452
33772
33485
6965338
33246
33533
33279
33843
33366
6969880
33256
33563
33279
33734
33457
6975880
33268
33561
33293
33815
33440
6980424
33280
33513
33387
33837
33480
6984966
33276
33542
33268
33734
33473
6989502
33266
33573
33299
33783
33427
6994043
33278
33580
33357
33773
33449
6998577
33272
33570
33353
33769
33489
7003121
33279
33558
33355
33794
33401
7007663
33292
33555
33351
33776
33444
7012206
33268
33635
33357
33812
33457
7016750
33268
33565
33364
33796
33443
7021292
33267
33605
33330
33737
33411
7025836
33249
33566
33345
33826
33446
7046747
33269
33606
33455
33790
33411
7051299
33253
33534
33327
33822
33374
7055843
33252
33589
33324
33793
33454
7060382
33273
33571
33388
33748
33461
7064928
33288
33548
33484
33802
33423
7069467
33277
33572
33402
33805
33470
7074011
33277
33631
33260
33770
33387
7078556
33252
33542
33324
33743
33458
7083099
33269
33573
33273
33805
33400
7087642
33255
33596
33387
33797
33462
7092180
33257
33513
33351
33801
33429
7098193
33275
33600
33327
33824
33437
7102749
33261
33538
33415
33765
33455
7107300
33289
33554
33307
33745
33468
7111839
33263
33513
33359
33794
33430
7116379
33251
33546
33313
33755
33424
7120915
33301
33586
33275
33774
33403
7125461
33287
33588
33327
33801
33503
7130004
33248
33554
33340
33822
33444
7134552
33251
33615
33287
33759
33417
7139096
33274
33521
33217
33778
33456
7143636
33242
33518
33434
33814
33475
7148178
33250
33557
33303
33779
33450
7154178
33272
33624
33329
33827
33425
7158728
33250
33493
33405
33768
33435
7163276
33267
33522
33394
33772
33441
7167814
33270
33607
33327
33836
33482
7172362
33252
33605
33376
33819
33461
7176899
33255
33555
33279
33780
33437
7181445
33232
33594
33255
33783
33423
7185989
33257
33582
33429
33783
33393
7190529
33179
33576
33260
33797
33447
7195078
33285
33579
33426
33765
33455
7199612
33302
33570
33357
33762
33472
7204151
33280
33579
33373
33772
33531
7210167
33276
33559
33313
33867
33478
7214703
33272
33536
33345
33787
33471
7219250
33306
33626
33308
33796
33461
7223787
33251
33578
33320
33756
33419
7228327
33253
33547
33445
33781
33515
7232867
33254
33635
33209
33791
33413
7237405
33249
33633
33425
33776
33503
7241951
33248
33560
33349
33838
33446
7246494
33283
33579
33414
33757
33456
7251036
33268
33610
33398
33805
33465
7255580
33263
33624
33385
33830
33461
7261576
33283
33598
33256
33825
33487
7266131
33277
33631
33338
33814
33457
7270671
33270
33597
33256
33806
33429
7275212
33273
33582
33249
33800
33462
7279756
33274
33597
33375
33795
33442
7284292
33288
33598
33233
33841
33467
7288833
33270
33573
33347
33782
33465
7293377
33275
33583
33349
33795
33466
7297913
33267
33557
33433
33805
33541
7302456
33275
33535
33382
33732
33509
7306992
33260
33589
33358
33779
33431
7311531
33290
33617
33281
33817
33446
7317541
33269
33618
33380
33854
33521
7322093
33280
33539
33317
33813
33470
7333899
33291
33589
33345
33800
33441
7347141
33257
33561
33436
33764
33493
7351632
33268
33590
33356
33803
33437
7356115
33271
33565
33357
33796
33495
7360656
33269
33610
33332
33793
33463
7365204
33249
33619
33283
33791
33432
7369754
33275
33568
33360
33777
33465
7374291
33286
33588
33248
33833
33353
7378832
33258
33620
33384
33839
33458
7384838
33263
33622
33584
33802
33454
7389395
33263
33587
33341
33846
33475
7393939
33252
33559
33344
33779
33423
7398479
33281
33582
33288
33850
33467
7403024
33281
33570
33327
33791
33480
7407563
33276
33601
33322
33799
33406
7412108
33283
33559
33376
33798
33426
7416650
33285
33585
33437
33770
33464
7421190
33282
33611
33305
33782
33407
7425736
33271
33613
33370
33813
33479
7430287
33274
33576
33284
33753
33429
7434825
33253
33614
33384
33849
33474
7440827
33273
33578
33230
33824
33462
7445378
33277
33555
33264
33812
33441
7449923
33268
33623
33408
33801
33454
7454472
33270
33617
33294
33825
33427
7459016
33268
33550
33376
33812
33424
7463563
33255
33491
33463
33764
33474
7468104
33287
33522
33286
33785
33396
7472644
33280
33595
33233
33746
33392
7477193
33265
33568
33336
33789
33442
7481734
33274
33516
33407
33750
33351
7486280
33267
33539
33380
33762
33436
7490826
33267
33553
33358
33805
33429
7496841
33268
33534
33430
33815
33426
7501384
33279
33540
33254
33799
33422
7505923
33269
33570
33358
33790
33426
7510472
33255
33534
33226
33771
33407
7515016
33275
33554
33346
33765
33413
7519562
33276
33566
33282
33828
33440
7524110
33251
33554
33354
33768
33435
7528654
33259
33494
33380
33784
33442
7533200
33264
33499
33428
33764
33402
7537743
33278
33538
33373
33769
33389
7542287
33253
33550
33336
33785
33412
7548301
33280
33543
33285
33789
33448
7552851
33287
33520
33339
33798
33412
7557397
33285
33550
33274
33792
33447
7561946
33272
33493
33308
33788
33419
7566492
33290
33564
33365
33758
33374
7571040
33262
33522
33316
33794
33418
7575579
33276
33589
33318
33799
33411
7580126
33284
33525
33419
33738
33426
7584674
33290
33563
33370
33810
33390
7589217
33260
33608
33384
33738
33426
7593767
33285
33519
33388
33785
33454
7598319
33289
33528
33365
33831
33449
7604334
33290
33554
33273
33843
33401
7608893
33286
33572
33316
33828
33373
7613436
33256
33551
33402
33770
33443
7617985
33280
33572
33310
33792
33415
7622529
33287
33547
33413
33793
33474
7634365
33285
33521
33420
33766
33448
7646858
33270
33574
33420
33783
33505
7651347
33271
33521
33316
33837
33423
7655839
33275
33521
33334
33792
33460
7660385
33259
33580
33275
33770
33421
7664937
33292
33528
33321
33777
33470
7669482
33274
33606
33440
33796
33458
7675508
33274
33521
33380
33786
33455
7680054
33285
33557
33331
33833
33441
7684599
33273
33585
33289
33799
33449
7689146
33285
33506
33283
33823
33412
7693695
33286
33574
33299
33767
33426
7698245
33267
33526
33293
33733
33407
7702797
33280
33534
33303
33796
33441
7707345
33268
33536
33252
33808
33379
7711896
33277
33547
33369
33820
33428
7716449
33273
33563
33277
33795
33363
7720993
33290
33584
33270
33821
33456
7727006
33257
33609
33357
33765
33434
7731557
33269
33579
33269
33715
33440
7736108
33267
33583
33351
33783
33471
7740659
33267
33549
33259
33756
33428
7745207
33254
33587
33217
33715
33427
7749758
33250
33549
33313
33816
33446
7754307
33265
33548
33345
33773
33469
7758862
33277
33552
33270
33702
33487
7763411
33249
33589
33219
33828
33465
7767960
33273
33610
33421
33810
33475
7772513
33265
33573
33340
33753
33461
7777061
33290
33582
33309
33793
33443
7783077
33292
33586
33345
33811
33517
7787636
33269
33497
33332
33841
33463
7792184
33282
33579
33299
33787
33505
7796734
33288
33539
33366
33733
33436
7801280
33276
33531
33258
33784
33390
7805830
33284
33551
33335
33744
33402
7810380
33280
33567
33383
33750
33402
7814924
33293
33584
33213
33740
33455
7819466
33269
33567
33378
33769
33470
7824014
33270
33560
33330
33768
33398
7828558
33248
33525
33339
33776
33487
7833106
33259
33543
33442
33809
33451
7839122
33248
33538
33371
33770
33464
7843667
33268
33600
33245
33792
33434
7848214
33255
33567
33320
33764
33461
7852763
33269
33550
33429
33793
33419
7857309
33272
33574
33393
33751
33461
7861859
33253
33578
33350
33744
33404
7866401
33273
33553
33296
33770
33456
7870941
33247
33530
33376
33789
33476
7875484
33248
33570
33328
33808
33425
7880026
33263
33526
33344
33805
33442
7884571
33271
33551
33411
33826
33485
7890575
33284
33582
33387
33837
33462
7895128
33269
33546
33264
33730
33411
7899672
33274
33542
33315
33778
33419
7904218
33281
33617
33268
33786
33432
7908767
33263
33573
33287
33826
33398
7913312
33269
33562
33249
33829
33448
7917863
33271
33604
33375
33840
33467
7922413
33279
33563
33401
33798
33478
7934252
33271
33573
33303
33816
33433
7948165
33288
33532
33331
33785
33486
7952717
33253
33712
33295
33813
33445
7957208
33245
33521
33360
33773
33434
7963219
33285
33555
33376
33770
33439
7967775
33263
33549
33343
33796
33431
7972320
33289
33607
33343
33753
33475
7976872
33270
33522
33417
33803
33428
7981421
33257
33541
33375
33747
33462
7985973
33273
33624
33329
33817
33469
7990518
33272
33574
33410
33764
33419
7995064
33283
33607
33307
33763
33449
7999607
33291
33578
33352
33812
33464
8004154
33290
33523
33357
33821
33444
8008701
33291
33547
33303
33733
33426
8014714
33253
33593
33223
33843
33402
8019264
33265
33561
33359
33848
33429
8023808
33251
33597
33317
33757
33477
8028363
33286
33562
33272
33843
33436
8032908
33294
33584
33246
33851
33412
8037457
33269
33569
33237
33787
33389
8042013
33278
33600
33281
33813
33465
8046557
33273
33598
33422
33836
33410
8051105
33271
33556
33347
33792
33433
8055651
33265
33503
33354
33773
33448
8060199
33271
33619
33286
33794
33405
8064749
33269
33574
33401
33802
33417
8070750
33284
33559
33281
33799
33377
8075305
33285
33532
33292
33798
33399
8079846
33287
33522
33273
33772
33418
8084392
33270
33570
33385
33832
33493
8088935
33278
33569
33215
33823
33432
8093481
33294
33545
33331
33829
33467
8098033
33269
33574
33390
33775
33482
8102579
33271
33558
33305
33845
33374
8107126
33292
33514
33363
33786
33460
8111672
33289
33573
33306
33719
33454
8116216
33283
33549
33288
33847
33366
8120757
33275
33607
33318
33806
33421
8126768
33269
33538
33350
33766
33425
8131318
33292
33629
33197
33784
33393
8135868
33292
33596
33259
33842
33408
8140410
33271
33523
33222
33757
33361
8144953
33292
33529
33397
33804
33429
8149504
33266
33520
33289
33714
33399
8154052
33265
33543
33354
33823
33451
8158605
33274
33586
33337
33846
33424
8163146
33270
33589
33320
33824
33411
8167698
33264
33529
33217
33861
33442
8172246
33288
33620
33223
33802
33409
8178259
33252
33547
33376
33769
33393
8182815
33260
33531
33338
33760
33453
8187354
33257
33570
33264
33829
33399
8191900
33273
33569
33307
33766
33357
8196453
33287
33546
33309
33797
33469
8200996
33266
33494
33326
33759
33454
8205545
33265
33570
33277
33818
33415
8210084
33275
33567
33200
33810
33415
8214627
33269
33553
33310
33757
33397
8219173
33295
33514
33255
33814
33348
8223718
33256
33582
33298
33748
33416
8235568
33269
33583
33284
33838
33411
8255816
33289
33497
33278
33781
33448
8260253
33288
33627
33236
33767
33428
8264800
33270
33513
33378
33766
33414
8269345
33280
33504
33383
33776
33439
8273885
33287
33548
33370
33860
33441
8278443
33273
33478
33286
33778
33441
8282995
33268
33556
33281
33817
33419
8287538
33288
33564
33348
33830
33427
8292084
33277
33555
33308
33796
33463
8296627
33288
33563
33375
33811
33448
8301169
33288
33525
33289
33747
33435
8305722
33256
33606
33236
33806
33424
8324466
33272
33505
33369
33736
33421
8329147
33276
33590
33282
33818
33399
8333825
33279
33543
33262
33777
33450
8338501
33291
33478
33419
33791
33482
8343175
33292
33599
33370
33777
33411
8347855
33286
33536
33277
33791
33454
8352534
33273
33525
33318
33819
33423
8357211
33273
33515
33370
33766
33465
8361892
33284
33564
33351
33768
33487
8366570
33283
33530
33351
33778
33435
8371248
33285
33554
33330
33824
33458
8381511
33286
33574
33283
33804
33423
8386183
33291
33540
33268
33820
33410
8390846
33281
33534
33207
33838
33390
8395523
33264
33581
33291
33771
33432
8400186
33269
33558
33252
33851
33412
8404853
33265
33599
33442
33819
33397
8409527
33266
33497
33319
33771
33404
8414195
33284
33544
33312
33823
33504
8418860
33283
33541
33368
33847
33434
8423533
33294
33522
33364
33845
33477
8428203
33269
33563
33432
33797
33408
8432872
33277
33545
33326
33836
33432
8439105
33289
33517
33431
33827
33441
8443771
33294
33537
33270
33750
33457
8448439
33294
33534
33363
33756
33446
8453100
33281
33579
33467
33838
33466
8457762
33276
33536
33246
33787
33370
8462422
33268
33608
33284
33824
33439
8467090
33249
33483
33318
33789
33445
8471748
33271
33515
33349
33811
33479
8476411
33264
33505
33366
33809
33416
8481078
33294
33529
33377
33808
33418
8485743
33288
33571
33448
33800
33447
8490405
33268
33558
33376
33819
33472
8496635
33272
33545
33345
33847
33471
8501305
33249
33585
33358
33828
33472
8505963
33274
33508
33430
33822
33432
8510632
33283
33571
33290
33800
33346
8515293
33292
33532
33257
33826
33484
8519952
33266
33524
33316
33745
33410
8524616
33273
33566
33344
33864
33449
8529285
33290
33514
33433
33809
33447
8533955
33248
33599
33337
33795
33403
8538624
33267
33591
33343
33785
33378
8543285
33261
33568
33353
33806
33438
8549506
33270
33616
33381
33811
33441
8554178
33254
33581
33412
33768
33411
8566101
33283
33595
33389
33817
33429
8579670
33284
33616
33301
33753
33385
8584274
33285
33584
33310
33803
33412
8588884
33288
33608
33436
33796
33388
8593544
33281
33581
33301
33817
33445
8598208
33287
33534
33319
33787
33372
8602869
33265
33550
33256
33823
33379
8607533
33271
33564
33292
33811
33405
8612192
33250
33568
33432
33816
33453
8616850
33270
33515
33273
33801
33374
8623085
33267
33533
33388
33808
33411
8627751
33282
33578
33321
33781
33408
8632416
33275
33558
33397
33774
33403
8637084
33253
33551
33268
33791
33420
8641754
33267
33534
33364
33788
33388
8646412
33284
33566
33230
33826
33409
8651074
33283
33543
33254
33788
33455
8655738
33285
33584
33385
33799
33444
8660403
33271
33576
33341
33775
33425
8665069
33289
33592
33371
33865
33468
8669734
33293
33589
33308
33796
33407
8675957
33271
33487
33365
33784
33413
8680628
33265
33544
33283
33818
33383
8685293
33271
33543
33344
33798
33421
8689954
33284
33554
33306
33776
33418
8694616
33273
33510
33394
33749
33450
8699289
33265
33589
33370
33799
33402
8703952
33249
33628
33364
33770
33455
8708614
33244
33580
33283
33773
33419
8713285
33264
33596
33248
33826
33402
8717952
33277
33502
33351
33769
33432
8722614
33271
33576
33365
33728
33422
8727278
33268
33528
33296
33801
33423
8733501
33247
33598
33289
33839
33452
8738167
33266
33550
33336
33759
33457
8742851
33281
33565
33313
33746
33453
8747515
33272
33572
33262
33811
33424
8752178
33274
33558
33277
33771
33458
8756848
33276
33560
33387
33809
33432
8761516
33252
33587
33240
33748
33378
8766181
33264
33571
33420
33795
33504
8770848
33269
33505
33331
33743
33397
8775514
33255
33574
33454
33811
33457
8780172
33245
33505
33385
33746
33443
8784829
33257
33508
33307
33781
33414
8791070
33254
33582
33438
33832
33466
8795729
33253
33499
33385
33796
33435
8800387
33257
33566
33279
33818
33465
8805050
33260
33552
33421
33821
33421
8809710
33259
33582
33332
33827
33417
8814375
33273
33633
33238
33783
33409
8819042
33267
33549
33292
33785
33374
8823711
33259
33552
33286
33819
33456
8828374
33268
33560
33431
33803
33454
8833040
33254
33542
33371
33750
33408
8837704
33261
33524
33375
33761
33418
8843931
33269
33527
33287
33796
33409
8848601
33269
33553
33265
33756
33445
8853264
33269
33541
33297
33788
33421
8857921
33254
33597
33354
33769
33429
8862588
33267
33550
33443
33797
33476
8874522
33272
33555
33300
33802
33406
8904576
33272
33525
33271
33781
33456
8909577
33261
33510
33247
33883
33402
8914245
33271
33565
33221
33853
33419
8918901
33271
33587
33347
33766
33404
8923567
33263
33589
33402
33753
33425
8928229
33273
33524
33332
33763
33441
8934455
33290
33522
33393
33784
33388
8939122
33289
33529
33310
33795
33451
8943789
33285
33571
33402
33784
33422
8948446
33273
33569
33282
33832
33434
8953109
33286
33570
33305
33815
33409
8957776
33284
33594
33289
33795
33471
8962442
33256
33477
33315
33736
33415
8967101
33256
33584
33382
33798
33444
8971771
33275
33580
33364
33802
33344
8976437
33289
33537
33320
33804
33389
8981097
33293
33534
33357
33776
33399
8985755
33266
33554
33285
33799
33353
8991989
33273
33523
33335
33851
33414
8996653
33264
33579
33282
33844
33393
9001318
33290
33511
33374
33789
33447
9005983
33285
33539
33365
33756
33411
9010642
33269
33564
33216
33814
33371
9015307
33268
33611
33404
33809
33431
9019967
33284
33566
33252
33838
33425
9024625
33276
33524
33290
33794
33439
9029283
33282
33512
33312
33771
33403
9033942
33270
33534
33420
33803
33426
9038601
33255
33576
33302
33773
33403
9044825
33272
33623
33258
33806
33410
9049494
33268
33610
33363
33777
33430
9054154
33291
33610
33265
33744
33415
9058815
33272
33538
33272
33803
33400
9063478
33269
33591
33290
33760
33448
9068139
33293
33569
33372
33820
33425
9072800
33287
33538
33267
33797
33414
9077463
33278
33532
33378
33823
33412
9082123
33281
33582
33333
33781
33379
9086779
33291
33513
33310
33811
33387
9091443
33264
33563
33383
33735
33444
9096100
33266
33490
33380
33746
33431
9102316
33289
33570
33339
33886
33415
9106990
33292
33490
33314
33773
33377
9111651
33291
33568
33339
33820
33429
9116310
33286
33515
33275
33748
33435
9120969
33268
33596
33334
33848
33454
9125631
33288
33519
33256
33818
33450
9130292
33265
33523
33341
33773
33463
9134952
33293
33488
33402
33779
33440
9139609
33273
33543
33314
33786
33383
9144268
33269
33592
33251
33804
33415
9148930
33291
33537
33304
33826
33437
9153590
33270
33549
33295
33814
33380
9159821
33278
33564
33166
33835
33359
9164477
33283
33503
33390
33775
33410
9169140
33274
33537
33271
33811
33424
9173795
33290
33561
33253
33828
33393
9178458
33281
33551
33324
33812
33422
9183119
33274
33507
33256
33860
33398
9187783
33272
33494
33345
33731
33411
9201603
33270
33539
33383
33791
33429
9215115
33287
33566
33288
33830
33378
9219723
33267
33519
33311
33811
33424
9224336
33267
33512
33369
33842
33424
9230558
33285
33497
33302
33790
33379
9235229
33289
33531
33283
33925
33464
9239897
33275
33539
33201
33835
33348
9244560
33268
33539
33311
33806
33404
9249230
33283
33537
33404
33820
33435
9253898
33289
33501
33349
33819
33416
9258558
33287
33539
33339
33840
33422
9263221
33271
33525
33324
33818
33428
9267887
33291
33541
33213
33809
33387
9272548
33299
33522
33253
33836
33371
9277211
33289
33529
33399
33812
33485
9281879
33270
33470
33369
33776
33397
9288110
33267
33584
33244
33824
33373
9292783
33290
33508
33271
33806
33353
9297450
33288
33566
33381
33793
33417
9302117
33283
33568
33308
33751
33373
9306778
33286
33549
33360
33753
33415
9311450
33270
33517
33320
33787
33397
9316108
33270
33574
33405
33811
33436
9320772
33270
33507
33304
33801
33404
9325441
33282
33572
33206
33867
33396
9330106
33281
33569
33259
33841
33405
9334770
33289
33579
33331
33801
33337
9340991
33268
33606
33248
33810
33411
9345669
33271
33562
33397
33744
33342
9350334
33289
33577
33343
33773
33479
9354991
33290
33588
33264
33798
33441
9359659
33275
33547
33290
33798
33430
9364319
33275
33566
33274
33764
33342
9368982
33287
33541
33329
33831
33446
9373645
33261
33584
33388
33824
33377
9378312
33266
33568
33357
33831
33429
9382978
33252
33566
33475
33798
33416
9387648
33268
33529
33223
33802
33378
9392315
33276
33610
33320
33780
33409
9398541
33291
33537
33301
33751
33495
9403225
33290
33442
33299
33785
33424
9407900
33268
33533
33409
33792
33437
9412565
33254
33582
33250
33770
33399
9417233
33274
33551
33354
33855
33406
9421896
33296
33522
33286
33810
33467
9426553
33284
33519
33383
33751
33412
9431215
33266
33491
33297
33749
33417
9435883
33292
33516
33390
33765
33397
9440543
33287
33543
33437
33774
33420
9445202
33286
33568
33341
33795
33412
9449869
33286
33469
33344
33786
33427
9456091
33275
33545
33279
33817
33417
9460763
33279
33563
33258
33781
33419
9465430
33281
33555
33294
33750
33378
9470096
33285
33521
33236
33771
33368
9474766
33282
33556
33231
33816
33394
9479433
33277
33523
33332
33803
33458
9484093
33274
33580
33267
33814
33433
9488758
33272
33562
33321
33778
33435
9493426
33266
33511
33229
33870
33332
9498098
33285
33558
33311
33810
33427
9510718
33290
33586
33381
33760
33388
9526003
33256
33523
33300
33781
33404
9530622
33251
33497
33276
33811
33403
9535294
33265
33518
33307
33768
33407
9539965
33287
33546
33237
33875
33473
9544629
33276
33606
33276
33739
33386
9549287
33263
33525
33317
33748
33397
9553956
33291
33522
33317
33830
33435
9558616
33288
33501
33415
33843
33437
9563289
33260
33537
33282
33792
33372
9567958
33269
33581
33304
33831
33448
9572626
33259
33547
33251
33807
33368
9577290
33267
33519
33268
33798
33394
9583514
33260
33556
33300
33795
33371
9588190
33293
33532
33273
33745
33410
9592858
33266
33575
33254
33860
33389
9597527
33268
33588
33317
33795
33402
9602189
33270
33579
33254
33831
33395
9606853
33274
33567
33341
33798
33394
9611518
33286
33570
33267
33779
33397
9616189
33283
33531
33364
33732
33433
9620856
33276
33563
33257
33821
33427
9625526
33268
33525
33276
33798
33427
9630194
33283
33570
33262
33807
33414
9634852
33294
33639
33260
33867
33441
9641084
33265
33483
33279
33739
33379
9645752
33288
33532
33294
33787
33377
9650420
33268
33549
33346
33818
33428
9655084
33263
33623
33284
33800
33361
9659746
33273
33547
33333
33780
33363
9664412
33267
33565
33327
33824
33438
9669075
33266
33600
33300
33828
33455
9673742
33285
33561
33334
33803
33403
9678411
33293
33531
33227
33789
33370
9683068
33279
33586
33222
33824
33364
9687737
33269
33538
33428
33736
33452
9693969
33272
33486
33344
33761
33400
9698632
33256
33504
33328
33831
33417
9703300
33285
33543
33340
33841
33397
9707966
33289
33554
33331
33804
33361
9712630
33294
33550
33226
33785
33373
9717296
33284
33541
33250
33827
33347
9721961
33273
33628
33246
33800
33377
9726623
33268
33617
33268
33789
33368
9731288
33287
33594
33243
33794
33377
9735958
33289
33576
33264
33827
33336
9740615
33251
33525
33306
33761
33392
9745281
33288
33573
33322
33768
33393
9751504
33268
33492
33427
33787
33435
9756173
33272
33554
33286
33816
33404
9760843
33267
33570
33265
33782
33391
9765504
33288
33533
33205
33826
33363
9770172
33283
33573
33358
33718
33459
9774837
33286
33555
33377
33814
33397
9779505
33278
33555
33324
33810
33398
9784167
33284
33589
33395
33831
33460
9788828
33295
33564
33246
33823
33412
9793497
33242
33544
33409
33738
33434
9798164
33249
33526
33322
33806
33386
9802830
33279
33577
33234
33822
33426
9809064
33251
33551
33261
33773
33408
9830607
33264
33598
33431
33763
33444
9835871
33255
33548
33319
33772
33392
9840419
33283
33523
33354
33823
33411
9845092
33264
33545
33368
33849
33397
9849758
33270
33575
33377
33775
33444
9854427
33282
33529
33242
33795
33403
9859098
33280
33572
33260
33756
33365
9863766
33274
33517
33310
33775
33427
9868427
33262
33562
33336
33778
33399
9873093
33260
33580
33415
33746
33410
9879319
33246
33613
33296
33813
33471
9884000
33274
33638
33294
33762
33430
9888669
33274
33583
33343
33753
33400
9893333
33264
33590
33345
33744
33414
9898001
33269
33601
33346
33763
33394
9902664
33257
33603
33248
33839
33400
9907330
33265
33590
33337
33838
33440
9911994
33287
33590
33381
33826
33457
9916660
33286
33578
33274
33744
33466
9921331
33270
33617
33349
33766
33390
9925994
33288
33528
33346
33721
33476
9930660
33264
33507
33350
33742
33428
9936887
33268
33630
33257
33734
33366
9941553
33291
33593
33293
33799
33414
9946218
33286
33609
33274
33761
33405
9950878
33272
33581
33443
33830
33457
9955539
33262
33602
33267
33744
33369
9960202
33280
33569
33354
33820
33455
9964868
33265
33540
33357
33749
33455
9969536
33275
33610
33426
33742
33423
9974199
33274
33586
33379
33828
33453
9978865
33273
33618
33288
33782
33349
9983532
33288
33566
33270
33782
33388
9989758
33272
33548
33276
33864
33433
9994433
33254
33616
33287
33793
33389
9999096
33267
33589
33338
33772
33441
10003752
33271
33610
33305
33758
33415
10008416
33272
33582
33238
33854
33332
10013082
33277
33613
33321
33820
33435
10017745
33271
33573
33290
33803
33432
10022410
33256
33574
33261
33762
33425
10027083
33248
33598
33422
33742
33406
10031744
33255
33595
33313
33768
33430
10036408
33255
33618
33303
33717
33377
10041076
33277
33539
33403
33719
33435
10047305
33257
33564
33383
33751
33396
10051977
33256
33601
33405
33780
33414
10056645
33255
33595
33344
33842
33463
10061306
33271
33546
33388
33766
33431
10065971
33276
33596
33235
33764
33394
10070642
33261
33604
33383
33825
33402
10075310
33276
33592
33431
33737
33432
10079971
33273
33593
33327
33752
33431
10084641
33265
33558
33326
33742
33421
10089312
33252
33538
33374
33759
33438
10093973
33245
33587
33271
33729
33342
10100194
33269
33529
33386
33750
33473
10104864
33272
33586
33324
33758
33427
10109520
33269
33576
33364
33710
33415
10114190
33270
33577
33287
33793
33374
10118852
33262
33602
33377
33719
33349
10144550
33257
33555
33450
33762
33464
10149684
33235
33475
33279
33748
33427
10154286
33263
33530
33364
33796
33446
10158943
33278
33517
33286
33788
33390
10163605
33247
33548
33292
33783
33472
10168271
33269
33576
33367
33826
33481
10172939
33253
33550
33377
33830
33436
10179177
33252
33502
33256
33816
33415
10183843
33265
33606
33349
33781
33411
10188510
33267
33532
33317
33819
33495
10193180
33266
33535
33329
33816
33438
10197838
33264
33512
33355
33793
33460
10202506
33272
33541
33332
33813
33493
10207175
33263
33568
33388
33823
33519
10211837
33276
33503
33327
33804
33404
10216500
33255
33556
33421
33780
33490
10221165
33250
33509
33341
33728
33464
10225823
33251
33509
33321
33770
33446
10232048
33249
33555
33297
33799
33431
10250160
33262
33545
33416
33768
33445
10254727
33270
33571
33386
33807
33453
10259292
33285
33530
33327
33783
33413
10263850
33264
33568
33432
33846
33568
10268409
33262
33524
33298
33818
33429
10272969
33269
33554
33339
33803
33461
10277525
33272
33621
33280
33828
33462
10282091
33287
33533
33311
33787
33431
10286653
33265
33516
33385
33785
33444
10291214
33267
33562
33299
33843
33454
10297257
33252
33588
33230
33807
33451
10301798
33269
33566
33286
33762
33462
10306331
33273
33527
33296
33809
33416
10310860
33266
33564
33361
33815
33445
10315398
33288
33560
33370
33795
33480
10319938
33263
33539
33374
33752
33469
10324474
33272
33606
33427
33791
33456
10329013
33256
33557
33366
33793
33425
10333552
33269
33558
33358
33817
33457
10338091
33268
33553
33325
33788
33441
10342631
33266
33523
33370
33785
33451
10347168
33269
33539
33352
33803
33440
10353171
33289
33530
33411
33786
33454
10357708
33288
33573
33325
33815
33432
10362260
33278
33536
33333
33753
33424
10366797
33270
33579
33302
33818
33470
10371329
33281
33582
33325
33761
33460
10375860
33285
33472
33353
33888
33457
10380405
33293
33549
33259
33841
33435
10384947
33289
33532
33306
33809
33462
10389487
33272
33549
33401
33748
33452
10394020
33286
33593
33323
33824
33405
10398562
33286
33531
33373
33720
33440
10404561
33290
33525
33331
33768
33430
10409101
33271
33534
33237
33775
33409
10413636
33281
33605
33399
33786
33443
10418172
33270
33565
33278
33774
33414
10422710
33290
33601
33275
33792
33414
10427250
33266
33577
33329
33781
33410
10431785
33270
33531
33288
33815
33414
10436329
33282
33605
33296
33830
33394
10440863
33288
33545
33411
33795
33457
10453289
33279
33559
33449
33734
33444
10467490
33285
33552
33451
33812
33436
10471910
33251
33591
33329
33738
33439
10477867
33288
33545
33271
33769
33390
10482405
33288
33581
33339
33768
33473
10486952
33292
33588
33236
33851
33395
10491500
33279
33530
33280
33821
33402
10496041
33284
33513
33369
33789
33423
10500586
33268
33575
33334
33755
33386
10505126
33274
33540
33386
33746
33413
10509671
33280
33580
33319
33827
33441
10514215
33295
33562
33373
33751
33411
10518754
33284
33484
33269
33802
33429
10523299
33269
33623
33343
33787
33471
10529302
33267
33539
33346
33758
33449
10533849
33266
33565
33258
33766
33388
10538392
33271
33525
33368
33751
33392
10542932
33288
33531
33368
33789
33437
10547472
33270
33540
33365
33745
33418
10552013
33274
33568
33282
33816
33432
10556552
33251
33592
33269
33784
33429
10561100
33275
33547
33348
33771
33416
10565638
33273
33515
33384
33746
33395
10570183
33262
33536
33270
33801
33386
10574726
33268
33514
33410
33751
33414
10580736
33269
33577
33344
33756
33407
10585283
33249
33550
33402
33764
33436
10589821
33269
33530
33252
33782
33368
10594359
33269
33580
33306
33791
33403
10598908
33253
33553
33324
33779
33406
10603445
33253
33568
33322
33794
33408
10607989
33257
33554
33282
33816
33387
10612531
33249
33614
33368
33816
33440
10617068
33273
33536
33396
33784
33401
10621609
33254
33522
33394
33768
33401
10626142
33256
33606
33361
33778
33424
10630677
33272
33559
33230
33792
33410
10636692
33285
33559
33396
33752
33452
10641230
33245
33583
33344
33794
33372
10645775
33274
33510
33311
33823
33452
10650315
33271
33553
33448
33797
33454
10654861
33265
33585
33221
33826
33325
10659403
33275
33556
33291
33840
33420
10663951
33283
33600
33263
33848
33441
10668491
33269
33572
33214
33825
33332
10673030
33269
33510
33378
33746
33407
10677566
33282
33562
33319
33753
33454
10682111
33289
33513
33389
33779
33417
10688111
33282
33512
33407
33773
33413
10692660
33288
33528
33312
33788
33439
10697202
33279
33559
33284
33818
33409
10701740
33275
33521
33400
33828
33407
10706287
33295
33538
33313
33760
33457
10710824
33291
33519
33329
33773
33421
10715365
33275
33570
33269
33835
33453
10719906
33278
33529
33273
33870
33371
10724448
33269
33538
33264
33790
33418
10728990
33260
33468
33309
33779
33435
10733530
33263
33536
33321
33793
33432
10739533
33252
33531
33366
33778
33428
10744080
33283
33572
33258
33761
33436
10762900
33288
33568
33341
33780
33355
10767450
33265
33594
33370
33813
33367
10772000
33282
33541
33369
33767
33417
10776540
33281
33526
33324
33792
33378
10781083
33272
33585
33345
33837
33407
10785616
33274
33551
33324
33821
33409
10790159
33284
33540
33252
33749
33418
10794704
33285
33549
33369
33820
33491
10799238
33290
33577
33308
33802
33434
10803783
33279
33545
33322
33839
33464
10809792
33250
33553
33255
33801
33383
10814335
33267
33540
33370
33760
33405
10818878
33257
33608
33391
33802
33443
10823417
33252
33578
33288
33780
33442
10827960
33270
33544
33368
33755
33439
10832499
33254
33570
33324
33751
33405
10837038
33258
33590
33346
33792
33433
10841583
33247
33519
33395
33804
33460
10846122
33251
33596
33396
33774
33406
10850668
33253
33548
33419
33809
33447
10855214
33251
33513
33334
33780
33474
10861215
33265
33566
33327
33798
33428
10865759
33249
33551
33322
33752
33396
10870296
33253
33577
33460
33806
33440
10874839
33264
33565
33301
33773
33436
10879376
33273
33569
33349
33794
33441
10883922
33275
33577
33248
33821
33391
10888468
33271
33558
33316
33753
33397
10893004
33269
33495
33323
33789
33475
10897538
33272
33539
33432
33802
33412
10902080
33265
33549
33279
33767
33440
10906616
33271
33577
33253
33802
33440
10911162
33273
33523
33393
33753
33425
10917161
33268
33498
33336
33741
33432
10921704
33263
33570
33311
33772
33407
10926246
33272
33539
33216
33856
33431
10930790
33272
33483
33298
33741
33443
10935335
33267
33626
33394
33800
33414
10939869
33269
33518
33327
33772
33469
10944409
33245
33538
33254
33797
33414
10948942
33275
33524
33268
33772
33413
10953477
33249
33545
33352
33837
33458
10958022
33273
33579
33462
33759
33450
10962560
33270
33547
33263
33792
33393
10968557
33260
33608
33337
33772
33401
10973109
33259
33557
33411
33800
33435
10977652
33260
33573
33260
33784
33335
10982196
33256
33543
33407
33740
33411
10986734
33249
33576
33269
33859
33427
10991275
33258
33604
33313
33783
33437
10995819
33253
33585
33344
33723
33374
11000357
33272
33559
33249
33736
33431
11004903
33268
33554
33367
33782
33390
11009443
33256
33573
33303
33781
33412
11013987
33263
33569
33321
33817
33469
11019978
33257
33567
33193
33780
33406
11024517
33275
33541
33375
33762
33408
11029056
33265
33452
33370
33773
33442
11033589
33276
33542
33298
33803
33418
11038129
33265
33532
33353
33745
33394
11042671
33279
33569
33351
33782
33460
11062687
33274
33629
33399
33814
33407
11067572
33268
33583
33272
33842
33483
11072003
33269
33576
33371
33771
33446
11076542
33257
33534
33349
33747
33436
11081087
33253
33573
33231
33785
33456
11085628
33274
33584
33292
33773
33480
11091636
33272
33519
33329
33766
33401
11096179
33268
33568
33372
33803
33434
11100718
33266
33624
33263
33794
33383
11105261
33276
33569
33389
33787
33435
11109801
33268
33551
33282
33764
33406
11114342
33274
33594
33283
33829
33452
11118892
33272
33539
33323
33766
33465
11123433
33271
33587
33344
33787
33456
11127975
33273
33606
33412
33811
33464
11132524
33278
33500
33396
33744
33436
11137071
33290
33534
33268
33781
33433
11143072
33247
33544
33378
33777
33435
11147622
33247
33584
33213
33828
33378
11152166
33270
33549
33286
33795
33384
11156716
33267
33499
33345
33743
33423
11161259
33270
33578
33353
33789
33447
11165805
33289
33567
33309
33802
33458
11170345
33272
33556
33384
33863
33453
11174884
33267
33707
33373
33798
33380
11179431
33253
33540
33312
33756
33406
11183973
33281
33511
33391
33756
33443
11188524
33255
33597
33201
33802
33402
11194531
33250
33554
33340
33741
33386
11199077
33278
33521
33386
33731
33416
11203627
33258
33524
33335
33744
33392
11208167
33240
33579
33325
33764
33400
11212717
33250
33567
33367
33819
33463
11217259
33258
33498
33369
33741
33448
11221799
33250
33554
33354
33800
33430
11226346
33264
33503
33402
33743
33424
11230889
33245
33549
33253
33815
33449
11235434
33273
33497
33295
33780
33427
11239977
33261
33630
33354
33767
33477
11244516
33272
33544
33294
33800
33447
11250526
33271
33530
33260
33781
33457
11255072
33268
33506
33306
33861
33443
11259618
33273
33486
33341
33772
33412
11264160
33272
33552
33230
33814
33394
11268707
33274
33504
33421
33750
33437
11273256
33272
33522
33339
33767
33440
11277793
33276
33539
33339
33753
33449
11282330
33273
33437
33312
33752
33483
11286871
33269
33538
33275
33798
33304
11291420
33263
33570
33452
33795
33434
11295970
33278
33529
33266
33794
33350
11301970
33258
33538
33275
33822
33424
11306521
33250
33507
33285
33754
33382
11311064
33250
33535
33393
33734
33449
11315603
33247
33556
33285
33775
33459
11320151
33253
33532
33291
33792
33465
11324690
33254
33517
33394
33736
33425
11329234
33267
33533
33297
33825
33386
11333782
33249
33545
33312
33779
33445
11338320
33270
33550
33316
33823
33497
11342864
33266
33552
33392
33763
33406
11364798
33276
33462
33305
33768
33407
11369673
33254
33483
33386
33791
33474
11375633
33250
33542
33283
33813
33392
11380173
33261
33582
33350
33752
33478
11384713
33271
33488
33250
33816
33377
11389256
33272
33508
33327
33755
33411
11393797
33268
33491
33325
33774
33377
11398343
33267
33508
33327
33711
33403
11402889
33275
33460
33367
33797
33401
11407435
33249
33517
33327
33736
33439
11411978
33264
33558
33292
33764
33430
11416520
33251
33524
33322
33809
33405
11421062
33249
33607
33202
33808
33379
11427070
33257
33545
33305
33813
33443
11431617
33244
33578
33287
33794
33433
11436169
33256
33565
33438
33759
33453
11440711
33255
33530
33409
33778
33443
11445254
33245
33516
33344
33703
33425
11449801
33249
33477
33349
33775
33449
11454345
33253
33534
33252
33846
33365
11458894
33252
33588
33279
33794
33399
11463442
33267
33521
33297
33768
33400
11467983
33282
33540
33359
33718
33400
11472530
33278
33539
33313
33790
33465
11478532
33274
33539
33307
33794
33426
11483086
33273
33516
33337
33817
33428
11487625
33270
33516
33311
33764
33450
11492175
33263
33576
33288
33788
33400
11496719
33270
33547
33319
33813
33379
11501263
33265
33570
33307
33808
33395
11505807
33273
33500
33393
33769
33431
11510353
33265
33530
33361
33828
33428
11514899
33269
33552
33330
33779
33361
11519445
33269
33493
33362
33746
33409
11523986
33273
33499
33364
33731
33400
11528532
33249
33527
33269
33824
33437
11534546
33258
33512
33279
33795
33358
11539087
33245
33542
33240
33764
33408
11543629
33255
33457
33363
33733
33508
11548171
33271
33556
33226
33801
33375
11552717
33256
33543
33327
33739
33401
11557260
33264
33524
33351
33779
33469
11561797
33273
33566
33273
33799
33403
11566341
33265
33577
33239
33863
33343
11570880
33273
33608
33426
33789
33390
11575426
33245
33543
33338
33741
33379
11579972
33265
33546
33338
33757
33410
11585972
33261
33497
33323
33783
33402
11590523
